algo is: 3DeltaStepping fields:
delta: 50
graph vertices: 100
graph edges: 1000
bucket 0: 73 45 bucket 0: 5 7 76 51 92 90 17 bucket 0: 47 29 67 66 74 86 28 17 61 64 6 43 59 28 40 68 45 90 60 82 87 60 58 1 77 85 93 85 15 87 85 50 30 50 79 88 68 41 57 89 bucket 0: 51 39 59 14 48 3 5 3 3 50 53 81 88 20 49 2 47 2 49 63 62 51 6 32 14 63 33 61 33 20 88 88 27 48 59 3 13 23 61 67 24 47 52 17 40 70 34 92 4 93 46 97 8 75 71 9 59 95 79 68 55 94 38 89 11 16 12 53 16 65 15 16 63 76 32 68 62 40 84 39 79 61 37 90 71 32 60 55 77 61 34 86 90 50 20 6 12 12 32 97 76 14 29 81 52 37 4 87 50 11 44 56 84 4 3 42 94 73 38 69 7 35 79 67 13 40 17 42 7 48 67 52 79 66 88 84 65 30 68 36 51 95 98 23 60 28 14 19 87 68 72 bucket 0: 46 46 69 74 1 82 17 99 92 70 67 20 62 42 38 55 68 38 67 59 39 57 49 71 14 11 73 8 41 60 91 58 84 38 42 52 16 50 40 24 83 4 81 16 89 10 95 81 10 77 71 97 78 60 3 70 6 72 21 41 38 11 56 64 91 13 11 99 82 67 67 53 27 18 36 72 22 57 87 39 67 82 78 21 94 12 70 66 37 25 59 25 89 76 87 3 69 24 97 96 4 98 42 54 11 54 40 76 22 33 87 52 98 58 79 81 27 13 81 16 81 47 23 36 37 77 46 86 77 51 67 43 45 21 13 92 31 48 20 71 28 4 9 15 64 72 95 84 64 34 94 33 59 16 3 15 74 7 86 64 26 63 93 2 39 20 60 93 75 73 51 77 43 36 81 58 78 60 12 55 44 52 55 53 90 47 9 77 49 50 48 34 31 93 84 17 30 10 3 45 9 70 97 80 83 60 68 84 11 29 19 30 7 11 48 66 17 6 30 31 85 10 31 71 71 54 12 99 bucket 0: 74 88 44 83 12 37 73 92 43 69 12 74 1 19 31 9 15 4 52 82 87 84 71 3 97 7 69 14 88 15 82 18 79 18 34 73 9 35 61 91 93 6 60 30 60 2 62 6 21 98 67 22 17 97 60 93 85 23 26 71 85 75 75 34 38 29 2 79 15   
[HEAVY-THREAD] gid=2 u=45 v=8 w=55 du=1 newd=56 old=88
[HEAVY-THREAD] gid=42 u=65 v=54 w=63 du=25 newd=88 old=95
[HEAVY-THREAD] gid=53 u=72 v=96 w=63 du=47 newd=110 old=138
[HEAVY-THREAD] gid=2 u=45 v=8 w=55 du=1 newd=56 old=88 slot_shared=0
[HEAVY-THREAD] gid=42 u=65 v=54 w=63 du=25 newd=88 old=95 slot_shared=1
[HEAVY-THREAD] gid=53 u=72 v=96 w=63 du=47 newd=110 old=138 slot_shared=2
[HEAVY-THREAD] gid=0 u=0 v=75 w=51 du=0 newd=51 old=94
[HEAVY-THREAD] gid=0 u=0 v=75 w=51 du=0 newd=51 old=94 slot_shared=3
[HEAVY-THREAD] gid=9 u=17 v=64 w=52 du=10 newd=62 old=65
[HEAVY-THREAD] gid=23 u=68 v=35 w=63 du=37 newd=100 old=104
[HEAVY-THREAD] gid=9 u=17 v=64 w=52 du=10 newd=62 old=65 slot_shared=4
[HEAVY-THREAD] gid=23 u=68 v=35 w=63 du=37 newd=100 old=104 slot_shared=5
[HEAVY-FLUSH] flushed 6 entries (pos start maybe)
POST-HEAVY: future_cnt=77
first future nodes: 45 9 40 34 37 74 0 86 38 6 49 95 30 81 16 37
DeltaStepping GPU end:
bucket 0: 73 45 bucket 0: 76 51 90 5 7 92 17 bucket 0: 67 6 28 82 1 50 47 61 45 58 77 30 29 86 64 90 85 66 43 40 87 85 87 79 41 74 17 68 50 88 89 bucket 0: 39 49 3 4 16 11 3 63 15 32 73 81 20 52 95 63 77 60 32 71 65 37 3 33 24 9 42 63 46 39 12 65 67 14 42 47 27 62 37 11 40 20 66 72 bucket 0: 25 81 83 92 73 18 93 50 7 67 58 22 42 51 48 38 21 87 31 3 10 31 17 11 77 84 19 46 38 16 11 89 27 4 86 76 52 11 94 73 82 14 77 37 29 bucket 0: 69 18 91 62 17 85 39 49 3 4 16 11 50 61 47 59 16 60 98 46 47 64 93 90 99 27 97 67 89 13 9 64 60 91 79 7 99 11 94 73 62 6 78 21 43 bucket 0: 92 73 18 93 50 7 25 81 83 14 23 75 84 51 59 92 84 6 87 35 48 16 13 68 88 88 40 68 38 59 60 85 57 68 83 56 9 54 14 71 29 94 17 95 37 19 87 34 6 59 55 97 12 54 67 93 66 92 88 35 60 26 bucket 0: 44 9 71 15 71 29 20 70 94 81 67 19 69 18 91 62 17 85 14 73 60 52 72 21 33 92 16 85 93 12 44 79 84 bucket 0: 57 67 69 72 2 47 44 9 71 15 71 29 bucket 0: 95 82 16 26 20 75 50 85 55 75 84 50 27 44 27 30 38 66 4 8 27 37 64 85 46 30 6 11 39 51 19 93 90 6 28 96 39 63 58 40 30 64 23 19 36 54 93 26 40 97 46 66 79 35 10 36 41 74 52 94 60 88 0 9 1 99 6 4 48 37 52 76 28 63 20 35 9 10 60 31 85 26 59 99 46 32 30 48 20 71 95 2 42 1 91 89 79 17 30 95 0 87 80 69 79 58 2 84 46 83 23 79 99 80 91 49 97 59 58 6 27 54 31 71 92 36 13 51 69 79 63 57 44 96 53 37 3 94 77 36 54 93 26 57 18 24 85 57 67 39 33 15 26 25 5 63 87 55 83 66 20 63 85 76 32 61 4 78 71 92 36 13 51 69 79 47 37 42 14 89 17 30 95 0 95 2 42 1 91 89 79 54 48 47 18 74 82 76 9 45 52 92 64 86 3 30 63 64 20 97 74 80 7 83 48 89 68 80 38 94 94 24 92 50 36 94 45 98 70 82 22 59 4 74 47 87 45 88 64 39 66 68 50 34 95 63 60 75 30 90 66 44 8 40 90 23 37 3 94 77 9 49 78 10 72 86 10 0 16 42 10 19 42 46 5 15 97 34 88 30 90 66 44 69 95 15 93 96 95  
bucket 1: 59 51 8 79 32 56 30 53 33 55 7 23 49 38 32 34 52 12 50 88 17 79 28 2 68 86 52 87 2 34 90 69 79 88 55 76 61 48 14 78 4 86 34 20 57 43 17 84 3 87 6 42 82 76 77 30 41 11 83 43 82 61 2 22 74 4 7 93 21 88 31 84 85 34 16 94 36 10 62 13 97 53 67 28 60 93 15 68 60 36 98 77 75 34 13 28 44 80 71 53 36 95 20 74 73 9 30 23 38 67 40 51 17 4 40 3 6 61 61 97 36 38 70 39 54 45 33 84 5 90 76 3 51 48 89 50 4 7 68 39 81 67 3 81 15 63 53 12 15 97 6 60 75 71 24 60 49 30 59 10 99 87 81 55 68 1 10 77 81 64 58 71 12 70 12 52 15 81 3 69 9 84 12 1 52 69 79 98 79 42 22 13 59 30 31 70 91 60 72 31 24 11 37 20 45 71 4 25 98 60 55 40 38 66 78 50 41 70 48 74 58 71 bucket 1: 49 38 32 34 52 70 91 60 72 31 8 97 96 46 64 48 82 18 67 93 15 74 49 23 39 11 67 40 51 17 5 90 76 3 51 42 82 76 77 30 74 53 33 55 7 23 81 64 58 71 12 70 26 21 35 44 22 50 5 82 52 78 1 18 27 95 49 69 74 65 64 55 62 74 35 47 14 0 41 62 59 22 56 52 59 80 32 15 38 2 54 92 79 52 33 43 20 30 55 95 44 95 88 20 42 33 71 60 30 72 94 13 76 73 36 49 59 19 23 71 2 25 84 37 1 75 30 68 86 54 19 97 2 95 69 78 1 64 83 36 88 68 52 64 12 98 68 71 72 63 81 16 6 1 20 74 29 81 19 47 29 54 17 15 84 10 95 43 7 6 37 92 80 50 17 89 27 60 40 30 54 76 34 30 12 31 22 58 77 6 75 75 5 77 84 7 4 19 65 30 96 5 85 72 88 78 95 86 32 96 71 28 14 3 70 0 24 6 81 55 14 63 25 70 56 4 95 0 9 39 22 47 58 22 81 34 50 42 71 32 78 52 40 13 22 82 93 42 76 73 33 53 65 2 36 15 12 99 13 23 48 84 76 13 13 46 78 25 88 91 33 49 87 18 62 40 24 21 6 90 52 78 1 18 27 99 13 23 48 84 50 81 84 19 38 16 1 6 80 99 68 95 83 75 30 12 31 22 58 77 88 78 95 86 32 13 76 73 36 49 6 37 92 80 50 17 89 27 60 44 22 50 5 82 81 34 50 42  
bucket 2: 3 97 75 2 74 81 2 10 85 45  
DeltaStepping CPU end:
dist_tent[1] != dist_gpu[1] (67 != 76)
dist_tent[3] != dist_gpu[3] (39 != 48)
dist_tent[6] != dist_gpu[6] (54 != 61)
dist_tent[9] != dist_gpu[9] (43 != 64)
dist_tent[11] != dist_gpu[11] (51 != 56)
dist_tent[13] != dist_gpu[13] (53 != 80)
dist_tent[14] != dist_gpu[14] (54 != 73)
dist_tent[16] != dist_gpu[16] (33 != 47)
dist_tent[18] != dist_gpu[18] (37 != 51)
dist_tent[19] != dist_gpu[19] (51 != 72)
dist_tent[21] != dist_gpu[21] (47 != 66)
dist_tent[23] != dist_gpu[23] (61 != 80)
dist_tent[24] != dist_gpu[24] (77 != 82)
dist_tent[25] != dist_gpu[25] (35 != 49)
dist_tent[26] != dist_gpu[26] (66 != 85)
dist_tent[34] != dist_gpu[34] (49 != 74)
dist_tent[35] != dist_gpu[35] (85 != 100)
dist_tent[36] != dist_gpu[36] (79 != 93)
dist_tent[37] != dist_gpu[37] (55 != 56)
dist_tent[40] != dist_gpu[40] (66 != 81)
dist_tent[44] != dist_gpu[44] (44 != 63)
dist_tent[47] != dist_gpu[47] (48 != 61)
dist_tent[49] != dist_gpu[49] (53 != 67)
dist_tent[50] != dist_gpu[50] (47 != 56)
dist_tent[53] != dist_gpu[53] (55 != 85)
dist_tent[54] != dist_gpu[54] (74 != 88)
dist_tent[55] != dist_gpu[55] (56 != 68)
dist_tent[56] != dist_gpu[56] (84 != 105)
dist_tent[57] != dist_gpu[57] (55 != 82)
dist_tent[59] != dist_gpu[59] (53 != 70)
dist_tent[60] != dist_gpu[60] (49 != 62)
dist_tent[61] != dist_gpu[61] (45 != 59)
dist_tent[62] != dist_gpu[62] (42 != 56)
dist_tent[64] != dist_gpu[64] (38 != 62)
dist_tent[66] != dist_gpu[66] (49 != 61)
dist_tent[69] != dist_gpu[69] (49 != 63)
dist_tent[70] != dist_gpu[70] (67 != 76)
dist_tent[71] != dist_gpu[71] (51 != 62)
dist_tent[78] != dist_gpu[78] (56 != 75)
dist_tent[80] != dist_gpu[80] (77 != 88)
dist_tent[83] != dist_gpu[83] (37 != 51)
dist_tent[90] != dist_gpu[90] (34 != 55)
dist_tent[91] != dist_gpu[91] (48 != 83)
dist_tent[93] != dist_gpu[93] (45 != 70)
dist_tent[94] != dist_gpu[94] (48 != 51)
dist_tent[95] != dist_gpu[95] (70 != 78)
dist_tent[96] != dist_gpu[96] (103 != 110)
dist_tent[97] != dist_gpu[97] (76 != 85)
dist_tent[98] != dist_gpu[98] (55 != 69)
dist_tent[99] != dist_gpu[99] (74 != 75)
Time duration CPU function: 0 ms
Time duration GPU kernel: 197 ms
speed up: -inf %
